start=723.066667
volume=45.000000
