start=38.400000
volume=55.000000
