start=1401.409022
volume=30.000000
sid=no
