start=2597.127867
volume=45.000000
sid=no
