start=659.125133
volume=40.000000
sid=no
