start=27.277250
pause=yes
volume=65.000000
