start=480.680681
volume=55.000000
