start=160.193367
volume=40.000000
