start=609.640000
volume=70.000000
