start=993.247533
volume=55.000000
