start=200.533333
volume=55.000000
