start=791.000000
volume=15.000000
