start=323.458333
volume=80.000000
