start=1285.201000
volume=65.000000
fullscreen=yes
