start=114.739625
volume=40.000000
