start=356.920000
volume=60.000000
