start=610.343067
volume=35.000000
