start=487.570000
volume=55.000000
fullscreen=yes
