start=186.853000
volume=70.000000
fullscreen=yes
