start=1559.057500
pause=yes
volume=70.000000
