start=1444.234000
volume=45.000000
fullscreen=yes
