start=0.959292
volume=60.000000
