start=1078.857018
volume=55.000000
