start=1045.215061
volume=40.000000
