start=1236.040000
pause=yes
volume=105.000000
