start=17.798292
volume=35.000000
sid=no
