start=184.830622
volume=65.000000
aid=1
sid=no
