start=167.000167
pause=yes
volume=65.000000
