start=949.824000
volume=45.000000
fullscreen=yes
