start=1278.862000
volume=40.000000
fullscreen=yes
