start=226.351351
volume=45.000000
