start=50.036812
volume=45.000000
sid=no
