start=1135.926000
volume=65.000000
fullscreen=yes
