start=69.803067
pause=yes
volume=100.000000
