start=89.297542
volume=70.000000
