start=49.738750
pause=yes
volume=40.000000
