start=119.933333
speed=1.331000
volume=40.000000
