start=456.556557
volume=30.000000
fullscreen=no
