start=143.769056
volume=65.000000
