start=82.000000
volume=45.000000
