start=188.292422
volume=60.000000
