start=5711.253211
volume=60.000000
