start=141.599792
volume=30.000000
