start=37.477078
volume=55.000000
