start=96.228792
volume=45.000000
