start=9249.990750
volume=45.000000
