start=2.794000
volume=55.000000
fullscreen=yes
