start=671.804467
volume=40.000000
