start=143.184708
pause=yes
volume=55.000000
