start=724.480000
volume=40.000000
