start=153.920433
volume=60.000000
