start=711.169000
volume=55.000000
fullscreen=yes
aid=2
sid=2
