start=520.979000
volume=75.000000
sid=1
sub-pos=115
sub-scale=0.800000
