start=1308.474000
volume=70.000000
fullscreen=yes
aid=2
sid=2
