start=44.720000
volume=45.000000
