start=73.448375
volume=80.000000
