start=896.538821
volume=55.000000
