start=651.183867
volume=60.000000
