start=1803.240409
volume=45.000000
fullscreen=no
