start=4623.200000
volume=65.000000
