start=132.966000
volume=75.000000
sid=1
