start=22.397000
volume=55.000000
