start=645.227917
speed=1.100000
volume=40.000000
