start=318.633333
volume=55.000000
