start=1208.482396
volume=70.000000
