start=187.208000
volume=80.000000
