start=1357.064000
volume=35.000000
fullscreen=yes
