start=33.342683
volume=45.000000
