start=949.970000
volume=65.000000
