start=4156.512938
pause=yes
volume=35.000000
