start=75.840000
volume=95.000000
