start=94.010583
volume=60.000000
