start=127.720000
volume=75.000000
