start=63.963964
volume=35.000000
