start=581.122208
volume=60.000000
