start=555.346458
volume=55.000000
