start=1192.149000
volume=40.000000
