start=180.972000
volume=105.000000
sid=1
sub-pos=102
sub-scale=0.700000
