start=204.752229
volume=30.000000
audio-delay=-0.100000
sid=no
