start=255.100000
volume=70.000000
