start=285.139167
volume=70.000000
