start=1101.058000
volume=55.000000
fullscreen=yes
