start=561.794567
pause=yes
volume=70.000000
