start=41.228833
volume=80.000000
