start=366.799767
volume=55.000000
