start=388.638250
volume=60.000000
