start=1204.500000
volume=70.000000
