start=1075.370606
volume=55.000000
sid=no
