start=460.793667
volume=45.000000
