start=902.026125
pause=yes
volume=60.000000
