start=3462.918000
volume=70.000000
sub-visibility=no
