start=272.360000
volume=55.000000
