start=473.931792
volume=60.000000
