start=651.494777
volume=55.000000
sid=no
