start=182.282100
volume=45.000000
