start=562.061500
volume=45.000000
