start=698.033333
volume=45.000000
