start=269.519250
volume=45.000000
