start=772.302868
volume=70.000000
