start=3.067711
volume=65.000000
