start=34.900000
volume=45.000000
