start=35.101733
volume=60.000000
