start=30.184467
volume=55.000000
