start=532.281750
volume=45.000000
