start=514.076211
volume=80.000000
