start=523.606417
volume=35.000000
fullscreen=yes
