start=203.891333
volume=60.000000
