start=7.960000
volume=70.000000
