start=1924.440000
volume=100.000000
