start=213.733333
volume=45.000000
