start=3399.312000
volume=95.000000
sid=1
sub-scale=0.500000
