start=296.046000
volume=70.000000
fullscreen=yes
aid=1
