start=330.129800
volume=40.000000
fullscreen=no
