start=150.108292
volume=55.000000
