start=1266.371411
pause=yes
volume=65.000000
