start=0.334000
volume=55.000000
fullscreen=yes
