start=4138.083153
volume=90.000000
