start=222.222000
volume=95.000000
sid=no
