start=339.506000
volume=84.000000
audio-delay=-0.400000
border=no
panscan=0.100000
sid=1
sub-delay=-0.100000
