start=714.580533
volume=45.000000
