start=119.458333
volume=45.000000
