start=6397.676042
volume=30.000000
