start=129.941618
volume=40.000000
