start=78.302875
volume=30.000000
