start=1375.916000
volume=45.000000
fullscreen=yes
