start=1807.752849
volume=55.000000
fullscreen=no
