start=143.442417
volume=30.000000
