start=2172.837333
volume=60.000000
