start=4114.866667
volume=75.000000
