start=102.728000
volume=45.000000
