start=1338.921000
volume=55.000000
fullscreen=yes
