start=737.200000
speed=1.464100
volume=35.000000
