start=2.469133
pause=yes
volume=40.000000
