start=12.313000
volume=65.000000
