start=877.668458
pause=yes
volume=45.000000
