start=918.313378
volume=80.000000
fullscreen=no
