start=3684.933333
volume=55.000000
