start=44.149279
pause=yes
volume=35.000000
