start=85.320000
volume=70.000000
