start=789.455333
volume=40.000000
