start=1355.771000
volume=60.000000
