start=1186.774400
volume=45.000000
