start=49.200000
volume=35.000000
