start=807.666667
volume=55.000000
