start=8457.167000
volume=85.000000
sid=2
