start=528.486292
volume=55.000000
