start=5573.782115
volume=70.000000
