start=546.464286
volume=70.000000
