start=35.206809
volume=45.000000
