start=32.960000
volume=45.000000
fullscreen=yes
