start=1057.391000
volume=55.000000
fullscreen=yes
