start=586.544000
volume=40.000000
fullscreen=yes
