start=1272.940000
volume=60.000000
