start=1027.642833
volume=30.000000
