start=231.225938
volume=40.000000
sid=no
