start=129.963167
volume=70.000000
