start=165.999167
volume=30.000000
