start=1228.769000
volume=30.000000
fullscreen=yes
