start=509.791667
volume=65.000000
