start=8153.500000
volume=60.000000
sid=2
