start=1310.480000
volume=55.000000
