start=2357.080000
volume=80.000000
