start=362.510122
volume=45.000000
