start=428.136042
volume=60.000000
