start=45.000000
volume=45.000000
