start=924.333333
volume=45.000000
