start=165.707208
volume=70.000000
