start=8.379167
volume=45.000000
sid=no
