start=578.200000
volume=65.000000
