start=3473.760000
volume=75.000000
