start=37.866667
volume=40.000000
