start=474.333333
volume=40.000000
