start=177.600000
volume=70.000000
