start=1303.427000
volume=80.000000
