start=206.800000
speed=1.610510
