start=98.666667
volume=45.000000
