start=20.353667
volume=55.000000
