start=696.612583
pause=yes
volume=55.000000
aid=1
