start=91.600000
volume=35.000000
fullscreen=no
