start=86.377958
volume=60.000000
