start=165.022833
volume=40.000000
