start=919.668750
volume=65.000000
