start=1348.389000
volume=60.000000
