start=23.458333
volume=65.000000
