start=288.966667
volume=60.000000
