start=155.280125
volume=45.000000
