start=757.366667
volume=45.000000
