start=141.333333
speed=1.610510
volume=55.000000
