start=188.002456
volume=55.000000
