start=1302.678000
volume=40.000000
fullscreen=yes
aid=2
sid=2
