start=1289.371000
volume=45.000000
fullscreen=yes
