start=7.515083
volume=45.000000
