start=1349.431417
volume=60.000000
