start=360.493827
volume=65.000000
