start=936.880000
volume=65.000000
