start=1133.333333
volume=65.000000
