start=156.920000
volume=55.000000
