start=20.625000
pause=yes
volume=40.000000
