start=263.160000
volume=35.000000
sid=no
