start=382.100000
volume=35.000000
