start=302.866667
volume=35.000000
