start=84.050633
volume=45.000000
