start=581.101500
volume=70.000000
