start=675.400000
volume=55.000000
