start=835.417917
volume=40.000000
