start=138.104040
volume=100.000000
