start=23.002289
volume=60.000000
