start=2411.158750
speed=1.331000
volume=60.000000
