start=494.016500
volume=80.000000
