start=213.600000
volume=45.000000
