start=1343.175000
volume=55.000000
fullscreen=yes
