start=1226.750000
volume=30.000000
