start=48.715000
volume=40.000000
