start=648.914933
volume=65.000000
