start=0.542000
volume=55.000000
fullscreen=yes
