start=70.070000
volume=60.000000
fullscreen=yes
