start=84.866667
volume=65.000000
