start=499.800000
volume=70.000000
