start=499.665833
volume=55.000000
