start=847.980467
volume=45.000000
