start=167.933333
volume=60.000000
