start=24.466667
volume=35.000000
