start=533.065867
volume=65.000000
