start=207.498958
volume=95.000000
