start=1278.611000
volume=55.000000
fullscreen=yes
