start=3.013250
volume=40.000000
