start=271.062000
volume=110.000000
aid=1
sid=1
sub-delay=1.600000
