start=304.166667
volume=65.000000
