start=4490.215044
volume=55.000000
