start=69.680000
volume=40.000000
