start=2713.416667
volume=60.000000
