start=520.728542
volume=45.000000
