start=181.556375
volume=75.000000
