start=1300.925000
volume=70.000000
fullscreen=yes
