start=113.079000
volume=60.000000
