start=675.862069
volume=55.000000
fullscreen=no
