start=1325.324000
pause=yes
volume=75.000000
