start=1027.944000
volume=105.000000
fullscreen=yes
