start=173.381542
volume=30.000000
fullscreen=yes
