start=576.733333
volume=40.000000
