start=1168.292125
volume=80.000000
