start=1291.962922
volume=65.000000
