start=1279.236292
volume=60.000000
