start=1276.859000
volume=40.000000
fullscreen=yes
