start=1066.607000
volume=55.000000
fullscreen=yes
