start=6795.997000
volume=60.000000
sid=1
