start=671.629000
volume=65.000000
sid=1
