start=2567.231333
volume=70.000000
