start=54.520000
volume=30.000000
