start=16.599917
volume=30.000000
