start=1108.333333
speed=1.210000
