start=784.325208
volume=55.000000
