start=0.310417
volume=35.000000
