start=46.733333
volume=35.000000
