start=1340.089000
volume=65.000000
