start=201.805922
volume=70.000000
