start=216.862622
volume=60.000000
