start=1.856167
volume=70.000000
