start=83.277731
volume=70.000000
sid=no
