start=1231.647083
volume=65.000000
