start=1322.654667
volume=60.000000
