start=35.233333
volume=40.000000
