start=1278.710767
volume=45.000000
