start=17.726000
volume=75.000000
fullscreen=yes
