start=8.050000
volume=60.000000
fullscreen=yes
