start=516.415900
pause=yes
volume=45.000000
