start=1294.585000
volume=45.000000
