start=89.673000
volume=80.000000
fullscreen=yes
sid=2
