start=347.973000
volume=95.000000
fullscreen=yes
