start=315.869867
volume=40.000000
