start=124.082292
volume=55.000000
