start=1282.635667
pause=yes
volume=65.000000
sub-visibility=no
sub-scale=0.550000
