start=1318.693000
volume=70.000000
