start=1144.143000
volume=40.000000
