start=727.143000
volume=65.000000
