start=543.376167
volume=55.000000
