start=56.890167
volume=40.000000
