start=4944.356000
pause=yes
volume=45.000000
fullscreen=yes
aid=2
sid=2
