start=268.100000
pause=yes
volume=30.000000
