start=500.300000
volume=40.000000
