start=387.240000
volume=30.000000
