start=12.560000
volume=55.000000
