start=1354.540833
volume=90.000000
