start=777.076300
volume=60.000000
