start=274.833333
volume=30.000000
