start=1354.040333
volume=60.000000
