start=1597.100000
volume=40.000000
