start=579.979400
volume=45.000000
