start=158.992167
volume=55.000000
