start=668.233333
volume=40.000000
