start=3718.798000
volume=90.000000
sid=1
