start=57.422852
volume=80.000000
