start=291.499542
volume=70.000000
