start=1371.666667
volume=65.000000
