start=109.651208
volume=60.000000
fullscreen=yes
