start=571.904667
volume=55.000000
