start=800.400000
volume=65.000000
