start=41.785714
volume=35.000000
