start=149.482667
pause=yes
volume=60.000000
