start=539.879000
volume=55.000000
fullscreen=yes
aid=2
