start=34.847456
volume=70.000000
