start=200.416667
pause=yes
volume=70.000000
