start=170.629000
volume=105.000000
