start=42.554916
volume=35.000000
