start=163.366667
volume=40.000000
