start=79.746333
volume=55.000000
