start=651.734417
volume=35.000000
