start=1008.486789
pause=yes
volume=55.000000
