start=395.479100
volume=100.000000
sid=no
