start=394.940900
volume=55.000000
