start=155.433333
volume=65.000000
