start=1356.334289
volume=80.000000
