start=173.590083
volume=40.000000
