start=807.139667
sub-delay=-0.000000
