start=1636.801833
volume=70.000000
