start=1180.429000
volume=70.000000
fullscreen=yes
