start=497.240000
volume=45.000000
sub-scale=0.000000
