start=219.666667
volume=55.000000
