start=2.211000
volume=65.000000
sid=1
