start=507.007007
pause=yes
volume=75.000000
