start=707.080000
volume=35.000000
