start=401.567833
pause=yes
volume=55.000000
