start=653.152500
volume=60.000000
