start=302.385422
volume=70.000000
