start=179.879700
volume=45.000000
