start=155.958333
volume=35.000000
