start=179.596083
volume=45.000000
