start=84.700000
volume=35.000000
