start=3645.333585
volume=40.000000
