start=205.300000
volume=60.000000
