start=198.969756
volume=75.000000
fullscreen=no
