start=32.666667
pause=yes
volume=60.000000
