start=2866.166667
volume=60.000000
