start=668.066667
volume=45.000000
