start=31.520000
volume=40.000000
