start=514.472292
volume=65.000000
