start=247.244417
pause=yes
volume=40.000000
