start=1072.219122
volume=55.000000
