start=1072.552789
pause=yes
volume=55.000000
