start=105.605500
volume=40.000000
