start=3158.705587
pause=yes
volume=60.000000
