start=410.966667
volume=65.000000
