start=22.960000
volume=35.000000
audio-delay=0.200000
