start=144.104333
volume=55.000000
