start=333.766667
volume=55.000000
