start=905.279375
volume=55.000000
