start=29.859908
pause=yes
volume=35.000000
