start=190.546667
volume=60.000000
