start=1354.800000
volume=65.000000
