start=1334.250000
volume=55.000000
