start=574.366667
volume=60.000000
fullscreen=yes
