start=29.654625
volume=40.000000
