start=6450.819000
volume=80.000000
