start=166.132633
volume=40.000000
