start=462.674611
volume=60.000000
