start=442.358583
volume=65.000000
