start=149.400000
volume=15.000000
