start=171.566667
volume=30.000000
