start=6.256250
volume=55.000000
