start=986.418767
volume=45.000000
