start=4.880000
volume=40.000000
aid=2
sid=2
