start=39.715892
volume=25.000000
