start=61.352958
volume=80.000000
