start=665.880000
volume=55.000000
