start=1309.975000
volume=55.000000
fullscreen=yes
