start=201.833333
volume=45.000000
