start=29.166667
volume=35.000000
