start=23.566667
volume=40.000000
