start=461.876711
volume=55.000000
