start=123.000000
volume=45.000000
