start=12.445779
volume=30.000000
