start=6.861167
volume=55.000000
