start=231.431000
volume=40.000000
