start=746.955000
volume=35.000000
fullscreen=yes
