start=79.300000
volume=60.000000
