start=606.523000
volume=45.000000
