start=496.128967
pause=yes
volume=70.000000
