start=31.829155
volume=40.000000
