start=98.360000
volume=40.000000
