start=392.158433
volume=55.000000
