start=33.666667
volume=30.000000
