start=1327.347000
volume=85.000000
aid=1
