start=1314.271000
volume=35.000000
