start=1418.417000
volume=40.000000
fullscreen=yes
