start=378.503125
volume=45.000000
