start=123.706917
pause=yes
volume=60.000000
