start=1402.166667
volume=60.000000
