start=119.333333
volume=85.000000
