start=116.700000
volume=45.000000
