start=93.843750
pause=yes
volume=70.000000
