start=784.450333
volume=40.000000
