start=828.520000
volume=90.000000
