start=381.089042
volume=65.000000
