start=259.884625
volume=40.000000
