start=1311.732689
volume=35.000000
