start=1262.052000
volume=55.000000
