start=57.933022
volume=65.000000
