start=751.581414
volume=60.000000
