start=29.109782
volume=35.000000
