start=231.064167
volume=45.000000
