start=701.409042
volume=65.000000
