start=640.840000
volume=70.000000
