start=170.733333
volume=40.000000
