start=236.236000
volume=55.000000
fullscreen=no
