start=1354.311292
volume=65.000000
