start=119.249955
volume=55.000000
