start=1461.856378
pause=yes
volume=105.000000
