start=1556.867956
volume=65.000000
