start=1541.310756
volume=65.000000
