start=965.986000
volume=85.000000
