start=660.706656
volume=35.000000
