start=1327.764089
volume=90.000000
