start=237.804471
pause=yes
volume=70.000000
