start=298.360711
volume=75.000000
