start=0.800800
volume=40.000000
