start=199.408000
volume=30.000000
fullscreen=yes
