start=709.834125
pause=yes
volume=55.000000
