start=310.184878
volume=60.000000
