start=1171.837333
volume=55.000000
