start=130.776622
volume=55.000000
