start=4871.158000
volume=70.000000
sid=2
