start=154.070583
volume=55.000000
