start=619.366667
volume=60.000000
