start=686.310625
volume=60.000000
