start=257.240617
volume=60.000000
