start=520.560000
volume=45.000000
