start=151.943600
volume=55.000000
