start=1500.999500
pause=yes
volume=65.000000
