start=75.975900
volume=40.000000
