start=2057.960000
pause=yes
volume=65.000000
