start=207.560000
volume=105.000000
