start=152.590089
volume=65.000000
