start=263.158878
volume=60.000000
