start=115.970167
volume=65.000000
