start=251.914294
volume=55.000000
