start=4702.323000
volume=55.000000
