start=137.058011
volume=45.000000
