start=461.961500
volume=70.000000
fullscreen=no
