start=199.866333
pause=yes
volume=45.000000
