start=1158.287578
volume=40.000000
