start=78.233333
pause=yes
volume=95.000000
