start=120.753967
volume=55.000000
