start=565.231333
volume=60.000000
