start=338.966667
volume=40.000000
