start=610.026083
volume=45.000000
