start=351.084067
volume=60.000000
