start=22.100000
volume=35.000000
