start=67.266667
volume=40.000000
