start=202.035167
volume=35.000000
