start=602.893958
volume=35.000000
