start=1340.177800
volume=45.000000
