start=1313.043044
volume=10.000000
