start=523.289433
volume=55.000000
