start=1290.080000
volume=60.000000
fullscreen=yes
