start=333.933333
volume=40.000000
