start=1049.982267
volume=60.000000
