start=218.676792
pause=yes
volume=45.000000
