start=486.133333
volume=40.000000
