start=1272.166878
volume=75.000000
