start=229.145589
volume=55.000000
