start=517.517000
volume=35.000000
sid=no
