start=982.398083
volume=60.000000
