start=496.529367
pause=yes
volume=40.000000
