start=1436.000000
volume=85.000000
