start=130.671315
speed=1.210000
pause=yes
volume=70.000000
