start=532.691980
speed=1.210000
fullscreen=no
