start=826.033333
volume=45.000000
