start=119.244125
volume=35.000000
aid=1
sub-pos=101
