start=384.342292
volume=60.000000
