start=808.683000
volume=55.000000
fullscreen=yes
