start=227.352125
volume=35.000000
