start=16.933583
volume=55.000000
