start=1309.414411
volume=45.000000
