start=153.080000
volume=55.000000
