start=1512.990789
volume=65.000000
