start=1262.740789
volume=90.000000
