start=178.219711
volume=75.000000
