start=1404.486417
pause=yes
volume=75.000000
