start=361.733333
volume=45.000000
