start=51.480000
volume=35.000000
