start=465.632000
volume=40.000000
sid=no
