start=857.064542
pause=yes
volume=75.000000
