start=1328.181167
volume=65.000000
