start=82.440000
volume=45.000000
