start=245.745500
volume=40.000000
