start=134.801333
volume=60.000000
