start=1055.492089
volume=75.000000
