start=28.000000
volume=40.000000
