start=159.392726
volume=35.000000
