start=572.280042
volume=55.000000
