start=77.869000
volume=60.000000
fullscreen=yes
