start=114.614500
volume=35.000000
