start=36.433333
volume=35.000000
