start=284.000000
pause=yes
volume=80.000000
