start=770.000000
volume=60.000000
