start=3482.646000
volume=30.000000
