start=2315.104458
volume=95.000000
