start=548.066667
volume=30.000000
