start=472.889089
volume=60.000000
