start=700.800100
volume=55.000000
