start=6356.129159
volume=45.000000
