start=6359.264411
volume=45.000000
