start=1382.600000
speed=1.100000
volume=65.000000
