start=798.422625
volume=55.000000
