start=3.192833
volume=65.000000
