start=1011.908878
volume=40.000000
