start=376.959917
volume=55.000000
