start=672.797125
volume=70.000000
