start=70.640000
volume=40.000000
