start=561.800000
volume=45.000000
