start=124.999875
volume=45.000000
