start=197.983443
volume=40.000000
