start=1074.739573
pause=yes
volume=80.000000
