start=75.241833
volume=60.000000
