start=356.647958
volume=45.000000
