start=142.016875
volume=70.000000
