start=541.642000
volume=40.000000
fullscreen=yes
aid=2
