start=327.669083
volume=40.000000
