start=957.666000
volume=45.000000
fullscreen=yes
