start=89.166667
volume=40.000000
