start=1324.095744
volume=45.000000
