start=68.360000
pause=yes
volume=45.000000
