start=3858.354000
volume=40.000000
