start=33.437647
volume=45.000000
