start=1268.037756
volume=85.000000
