start=63.397000
volume=60.000000
