start=150.560000
volume=30.000000
