start=220.929042
volume=60.000000
