start=369.077042
volume=60.000000
