start=458.640000
volume=65.000000
