start=1345.511000
volume=65.000000
fullscreen=yes
