start=182.600000
volume=105.000000
