start=325.116458
volume=60.000000
