start=197.700000
volume=60.000000
fullscreen=no
