start=563.062500
pause=yes
volume=65.000000
