start=722.471750
volume=80.000000
