start=162.245417
volume=30.000000
