start=487.500000
volume=35.000000
