start=1371.880000
volume=55.000000
