start=1322.451744
volume=65.000000
