start=477.643833
volume=60.000000
