start=82.207267
volume=55.000000
