start=42.587492
volume=30.000000
