start=1313.918911
volume=60.000000
