start=788.625106
volume=35.000000
