start=369.494125
volume=55.000000
