start=134.008875
volume=85.000000
