start=881.680000
volume=45.000000
