start=261.916667
volume=65.000000
