start=261.527933
volume=45.000000
