start=184.392542
volume=40.000000
fullscreen=yes
