start=862.361500
pause=yes
volume=75.000000
