start=406.233333
volume=60.000000
sid=no
