start=321.921600
volume=65.000000
