start=1285.284000
volume=60.000000
fullscreen=yes
aid=3
sid=3
