start=146.083333
pause=yes
volume=40.000000
